           3
           1          16          32
           1 relu
           2 relu
           3 relu
 -0.856984659758190       0.382359974192809        1.36247345616515     
 -3.224663731714109E-002  4.101354530505900E-002  0.753993183515743     
 -0.720915332870584       -2.01304122534947        2.72671667716789     
 -0.506123194328240       0.736450780208674      -0.806094368018994     
 -0.332720592982437      -0.129210126835169      -0.299207166331801     
  0.411601902393059     
  0.711667392347859       0.665910722728123      -1.893606593176978E-002
  0.781021838629178       0.771678522276844       -1.31392717959906     
   2.23993134725900       -1.01346360143129      -0.674591455564363     
 -6.548711337975011E-002 -0.327541276303451        1.10350197071942     
  0.510761944878142       1.871442227363345E-002  0.160896569083651     
 -0.157132779166518       0.681316479034703       0.868064090461166     
  0.985820556127182       0.782390957344420       0.434757423165172     
  0.663874758217978       -2.28155322069231      -0.112021658623889     
  0.602931334413326        1.26011102992744      -0.128458583247183     
  -1.21903179056207      -0.653583659355970       0.421542072476150     
   1.98110652611360       -1.60680932717686     
 -0.306219727022794      -0.544834436779838      -2.229848259917829E-002
  -1.00249622239033       -1.07045234935647       0.529741046103256     
  0.297471229751880      -0.226200632761460        1.54162664381922     
 -0.580008689749666      -0.328102071628237      -0.642945627219971     
 -7.556924418988278E-002   1.11603219980196       0.974531713432226     
  0.167868002026340     
  8.720429657480901E-002 -4.904147713484214E-002 -4.762011278355600E-002
  7.575321120918321E-002 -6.634768611642086E-003  9.135175085788252E-002
 -0.105413404206486       3.134519147674272E-002  4.640423396478731E-002
 -0.120192973832538      -7.943171796132661E-002 -3.835358685888687E-002
  9.855271646588348E-002 -7.120772585306637E-002 -5.719838932087502E-002
  0.106272475126470      -9.502770991416255E-002 -0.119082750889309     
 -6.976779039296328E-002  3.058912763870999E-002 -0.251094482038946     
  4.950091204204467E-003 -1.703211342207839E-002 -0.100483045045447     
  2.577710564771454E-002 -1.660766102462271E-002 -2.114932451786882E-002
 -8.268161373492054E-002 -2.122038340252657E-002  5.728201871166852E-002
 -5.664074328481861E-002  3.836182925726421E-002  1.836530755468914E-002
 -5.580573516677571E-002 -7.527969097122321E-002 -0.107806128616829     
 -0.100742938531855       8.950363534248575E-003 -1.643303095876661E-002
 -7.014755791507915E-002  0.130497554719906       7.500807823572070E-003
 -0.109723367283797      -0.131203040176894       3.933263431440238E-002
  6.971419005457366E-003  7.153240202325024E-002 -2.649929697034445E-003
  6.560807477756683E-002  6.879530620079329E-002 -7.667518725786041E-002
 -0.161966149779255       2.461026320074449E-002 -4.149737189819509E-002
 -6.865161288966057E-002  0.103452573028791      -3.049510306656894E-002
  4.153570694594196E-002 -3.618964025348107E-002  8.990065457655294E-003
  4.608816229124315E-002 -4.236335368202426E-002 -1.325440177977579E-002
 -3.890180307533589E-002 -3.683690298188436E-002 -6.933986864597078E-002
  4.929449670313840E-002 -0.248083896917552      -9.983730065929700E-002
  9.328903275427434E-003  1.272802361464460E-002 -0.126966384886262     
  4.806727447444185E-002  3.029506175428195E-002 -9.934846121739596E-002
 -6.901392861225283E-002 -2.723682794478098E-002 -6.667132454712105E-002
  1.108203646575348E-002 -3.237190613926892E-002 -4.945906986077019E-002
 -5.478434413010661E-002  7.575367853016384E-003 -9.212692040090913E-002
  3.327362969630193E-002  4.775844252201510E-002 -9.352600523219554E-002
 -3.957300543286942E-002 -4.940553948499632E-002  5.276525531828359E-002
 -3.248180307854379E-002  5.575796089100317E-003  1.452748423588193E-002
 -7.145820464162728E-002  0.129472950607298       2.023151797221877E-002
  2.322280714898485E-002  1.755569514790065E-002 -3.689705202378054E-002
 -0.106389662673995      -0.106158619966883       4.339754196118974E-002
 -2.465532429255990E-002 -9.524611744743663E-002 -1.848297212368843E-004
 -0.119031150916349      -4.938940386841501E-002  2.601637197174764E-002
  2.908626987012110E-002  8.110988840689497E-003 -1.560449654326461E-002
  5.483823482951319E-002  1.934833696359923E-002 -1.605738630753804E-002
  1.310030772790002E-003 -1.761939058653317E-002 -4.371051802678911E-002
 -2.658372971100995E-002 -2.877385322890110E-002 -4.213244194731161E-003
 -4.960384592223552E-002 -1.201561296665229E-002  1.773394216774380E-002
  7.064676363956549E-002  7.431825242433182E-002 -4.881357486478760E-002
  3.254480879645090E-002  2.515076374052919E-002 -0.100313386149125     
 -0.110860012194968       2.905392941598901E-002 -3.524821130387901E-002
 -6.260246757570995E-002  5.503751585250772E-002 -8.426529883658085E-002
 -1.211159918613242E-002  2.787145775238813E-002 -7.563690943571343E-002
  2.609169326738162E-002  9.765957690417035E-003 -5.949093591430694E-002
  6.903183612440922E-002 -1.014042125298134E-002  6.898572072076808E-002
  5.837825684495701E-003 -0.149508557038766       6.169609816796184E-002
 -6.690394511155098E-002 -9.037290082219041E-002 -5.313409649320666E-003
 -7.639475735973665E-002 -5.254905178022025E-002 -6.193624771756640E-002
  3.386492941723865E-002 -6.523208044336773E-002 -8.234138938045134E-002
 -5.529530697679241E-002 -5.759695716169586E-002 -6.665127495452169E-002
 -4.254672687968918E-002  2.064850754346523E-002  8.062518798171022E-003
 -5.013276095675448E-002 -1.029909527646288E-002 -4.330561506844834E-002
  7.128317636130772E-003  6.751263544987267E-002 -4.887460441464049E-004
 -2.438688225387365E-002 -0.109041574686116       6.482476877232797E-002
 -0.120129955233175      -4.334599911827253E-002  1.466193023986391E-002
 -4.774062818545748E-002  1.757832564065777E-002  7.244391751701116E-003
 -2.807787440078964E-002 -5.338281467137546E-002 -5.706287395559079E-002
  4.682472036135202E-002 -0.118993096852595       2.665571487859687E-003
 -1.529563324036083E-002 -6.532619592519817E-002  1.020811614493780E-002
 -3.072619819642578E-002 -4.071697908061340E-002 -0.124582655357500     
 -1.187242100859590E-003  1.617280043337128E-002  0.117814358219034     
 -5.999839622289941E-002 -2.270846157035136E-002  1.410163096860278E-002
  7.032000802810232E-002 -5.381033282124097E-002 -4.367272410452924E-002
 -4.371334760234796E-002  8.970899478727293E-002 -5.001952796392751E-002
  2.527612660606440E-002 -0.128166093979170      -1.778446095784635E-002
 -2.173267945050205E-002  5.492974176057711E-002 -5.583352004218515E-002
 -5.877708118685641E-002 -3.056314070143824E-002  7.702317438585932E-002
 -8.237064996444013E-002  9.428863329764904E-002 -0.111267964323343     
 -5.890887519702713E-002 -8.418118772275765E-002 -6.706201848006323E-002
  8.069412372262681E-002 -6.896201891997973E-002 -1.211598032052479E-002
 -6.608455057016306E-002 -8.095549088581181E-003 -1.537828851586464E-004
 -8.492967658125278E-002 -4.723118653959846E-002 -1.635897536272347E-002
 -7.271049968382642E-002  0.139443649762888      -7.717573303169267E-002
 -3.972461463851380E-002  2.533321232187490E-002 -8.095553021966455E-003
 -4.251393990038361E-002  7.743170057903524E-002 -4.139149412697397E-002
 -8.462418804099045E-002  0.130351499687970      -3.715038096923839E-002
 -5.396838605687510E-002 -0.103370656512727       1.777210105251105E-002
 -0.128237412583326       7.496673326907097E-002  7.256725075719858E-002
 -1.144893459295393E-003 -1.305997784962552E-002 -5.997364785463609E-002
  2.622937711782368E-002  1.731932860737044E-002 -3.860514080205761E-002
 -8.302766192666990E-002  9.689620877862831E-002  3.124786577248162E-002
 -1.617841145708865E-002  2.979594745323812E-002  2.077989468024207E-002
  3.530078003764590E-002 -5.669541012235624E-002 -5.852627499555904E-003
  3.225378028665647E-002 -6.695565469146023E-002  3.222596329009531E-002
 -3.454569722755068E-002 -6.293140526075314E-002  4.150134020621846E-002
  6.632731862402671E-003  3.945193743189933E-002 -3.478804793275526E-002
  1.648607286619520E-002 -1.507407170995470E-002  4.382748508599540E-002
 -3.600100458356705E-002  0.104456805887036      -7.295632244534796E-002
 -0.124944017265239       5.865950409341624E-002  5.440233285857077E-003
 -3.272037202947704E-002  7.351152038695193E-002 -7.832497530864130E-002
 -9.242792140943630E-003  7.094430854908756E-002  6.810056499434883E-002
 -8.650862606247042E-002 -0.138905930424528       0.106825514137512     
  7.986292100290286E-002  6.228817341412565E-002  0.106939873348578     
  9.231442657317124E-002  2.361886726207580E-002  5.959015123055404E-005
 -3.271946788254018E-002 -0.163641675112125      -9.800657481622120E-002
  5.028317320105631E-002  6.073902120114471E-003 -5.442425529147932E-002
 -1.843721581657541E-002 -5.647198017664281E-002 -3.174019508844434E-002
 -6.899845711962305E-002 -7.892487652348402E-002  3.252026787084261E-003
  5.433950902021213E-002  5.135611745313001E-002 -6.767630368474055E-002
 -5.945980386062019E-002 -6.699205834490782E-002  3.627325161132174E-002
  4.321063871682464E-002 -6.784996265857507E-002  6.203850560802372E-002
 -1.041441415280570E-003 -6.962182706895606E-002 -6.957804977110175E-002
  0.140128204349896      -2.669666094235095E-002  3.766511679999089E-002
  1.764145206088369E-003  1.190828122999864E-002 -8.311662856759013E-002
 -9.011790682439447E-003 -1.084346288527377E-002 -9.747612063075763E-002
 -8.685548875875965E-002  9.466848437836739E-002  1.476299011303599E-002
  2.815520950567700E-002  0.113178948666092      -4.610569758860700E-002
 -1.503692234933913E-002 -7.082255501297270E-002 -9.051683447525960E-003
 -3.946371487773599E-002  0.134367623959492       1.161828860550714E-002
 -0.181640126131182      -6.291702387437849E-002 -6.462742850281139E-002
  4.208925602942716E-003  1.265016533536879E-003 -1.833281687570759E-002
  6.209234541542455E-002  0.156034505597711      -0.143107648104116     
  5.001757054041295E-002 -3.008014442745636E-002 -0.195962770403653     
 -7.033101834838133E-002 -8.452959763334558E-002  3.314459387436156E-002
 -1.623395083219941E-002 -0.114534253244330       2.394133771706951E-002
 -0.119948952539169      -1.970304969852496E-002 -7.888493499856014E-002
 -3.792016688245163E-003  1.973429104898124E-002 -4.107067248147535E-002
  0.122818162873180      -8.267431660963850E-002  1.318385791049149E-002
  1.252210521733163E-002 -1.277972241751226E-002 -9.105219596862317E-002
 -2.282251931880640E-002 -1.281345067107416E-003 -5.657852776977800E-002
  5.330182368198539E-002 -9.245873365815185E-002 -9.442157247932380E-002
  5.261679751291605E-002 -3.678232568262504E-002 -2.242902949783817E-002
 -2.401436627037127E-002 -7.600435723376703E-002 -4.600633851405576E-002
 -5.619808406618371E-003 -4.268375207027982E-002  3.458924984998969E-002
  3.657973453854977E-002  1.079270260971371E-002 -6.592841570924726E-002
 -7.288590920465962E-002 -7.402641197017503E-003 -2.621913000392178E-002
  7.390698022617780E-003 -0.108814900436352       2.270876477280632E-002
  6.267143811079261E-002 -0.107399851706037      -1.451500156017779E-002
  4.690234609279484E-002 -2.183925415234850E-002 -0.120299316883616     
 -4.543430875798714E-002 -1.873368672761066E-002  4.939011382056815E-002
 -4.032485681815703E-002 -2.372145797017319E-002  4.773393512232370E-002
 -7.404170274307590E-003  1.855316356678290E-002 -4.035340267077795E-002
 -3.813271122331860E-002  7.879892014482314E-003  2.449932959271647E-003
 -6.754509405660271E-002  3.587852377545536E-002 -6.747052789536943E-002
 -9.295653060334355E-002 -7.498726557704853E-003 -6.318368299253069E-002
  4.023048159535913E-002 -4.359557049795532E-002  7.460322370512926E-002
  9.248039609145022E-003 -0.129109902165428      -2.437465553530307E-002
 -0.132791814578979       7.441365665668899E-002 -1.597531503308647E-002
 -4.188013709150255E-002  2.898935853234322E-002 -6.244897212487721E-002
 -5.059830869957429E-002  7.348548042099830E-002  3.051783427973165E-002
  7.108205270051027E-002  3.655073673366967E-003  3.186731459420514E-002
  3.447181701963931E-002 -7.062461334242914E-002  7.185982732255902E-003
 -3.446022848907315E-002 -0.115615342130410      -7.234956564472304E-002
 -3.862632443015400E-002  4.866771104081164E-002 -1.249179337569640E-002
 -9.256191664021993E-002 -6.425194449801040E-002 -5.051078306038888E-002
 -0.151302084400073       9.230510322322204E-004  7.111958662897751E-002
  9.286266993621088E-003 -1.968765902250954E-002 -0.143136178237496     
 -4.147014305550593E-002 -2.962040199769635E-002 -4.073704864468348E-002
 -5.728284229194049E-002  1.623006335200122E-002  1.941994274466796E-002
 -7.801210361078394E-002 -9.168220698312421E-002 -5.123179125280120E-002
  3.057921428891244E-002 -3.057254350739445E-002  6.942269523735459E-002
 -5.435735777074752E-002 -3.299665213628248E-002 -4.253911033381068E-002
  2.696745459300882E-002 -1.550739588385254E-002 -8.707283400248046E-002
 -3.302753820111615E-002  3.214026134272844E-003  0.148020137002465     
 -2.797964880618531E-002 -4.186215145994364E-002 -4.357771175238436E-002
 -1.210632262459680E-002  7.567950328466229E-002  4.888028975360569E-002
 -5.612507247322397E-002 -8.623478934766293E-002 -1.079268257402729E-002
 -3.455366365481605E-002  0.107435066542053      -4.586990271799698E-003
 -0.116088790414396      -3.706994644049150E-002 -1.465279492071905E-002
  6.874209901628749E-002  0.115554344714828      -1.112917279060034E-002
 -3.092352442274001E-002 -7.536885535815609E-002  6.515648374669027E-002
 -3.307230222329863E-002  2.871769147000120E-003 -6.945763550997366E-002
  6.555505223409258E-002  3.872158784824103E-002  2.273597913619036E-002
 -0.112140293283218      -5.315810451483573E-002 -1.645822760543508E-003
 -4.597168393285030E-002  0.100185637941005      -3.221531045833228E-002
 -2.558310383016408E-002 -8.630903099512036E-002  7.765235441880085E-002
  3.306033573838485E-002  1.801413545574946E-003  0.103661445119938     
  8.582022089937801E-002 -6.359897872544358E-002
