           3
           1          16          32
           1 relu
           2 relu
           3 relu
 -0.856935341457758       0.382427287965169        1.36248947589129     
 -3.210387273346205E-002  4.118704989110220E-002  0.753993175965774     
 -0.720915350296027       -2.01304845837493        2.72671664995158     
 -0.506013104301644       0.736472050408866      -0.805986183290908     
 -0.332727368044544      -0.129210140759317      -0.299207177089544     
  0.411601912974656     
  0.711667392347859       0.665910635406031      -1.882789863302336E-002
  0.781021838629178       0.771820126873258       -1.31392717959906     
   2.24002440579990       -1.01346360143129      -0.674521352827123     
 -6.538286947354288E-002 -0.327541276303451        1.10350197071942     
  0.510771387546482       1.871442227363345E-002  0.160938887067669     
 -0.157131530195156       0.681321431128947       0.868123623645803     
  0.985820556127182       0.782395095555134       0.434757410475767     
  0.663874758217978       -2.28148653376634      -0.111998289730109     
  0.602931301868043        1.26011102992744      -0.128458744594855     
  -1.21893232336582      -0.653583659355970       0.421542072476150     
   1.98110652611360       -1.60678518634526     
 -0.309114194299334      -0.548783342784933      -2.322852967536502E-002
  -1.01087073579340       -1.08063120459077       0.529740593099057     
  0.297470184229912      -0.225775158722637        1.54162501081772     
 -0.586468552224985      -0.329349058378549      -0.649291979277937     
 -7.517209210837957E-002   1.11603136435460       0.974531067968979     
  0.167868636919459     
  8.720429657480901E-002 -4.904147713484214E-002 -4.762011278355600E-002
  7.575321120918321E-002 -6.634768611642086E-003  9.135175085788934E-002
 -0.105413404206486       3.134519147674272E-002  4.640423396478736E-002
 -0.120192973832538      -7.943171796132661E-002 -3.835358685888687E-002
  9.855271646588536E-002 -7.120772585306637E-002 -5.719838932087502E-002
  0.106272475126470      -9.502770991416255E-002 -0.119082750889309     
 -6.976779256458396E-002  3.058912763870999E-002 -0.251094482038946     
  4.947249877503643E-003 -1.703360901487599E-002 -0.100483045045447     
  2.576879046099402E-002 -1.660766102462271E-002 -2.114932451786882E-002
 -8.268161373492054E-002 -2.122038340252657E-002  5.727618273691390E-002
 -5.664582304826848E-002  3.836091379588826E-002  2.064780424355063E-002
 -5.180989120025029E-002 -7.494611490825928E-002 -0.100452946548049     
 -9.268021753220948E-002  8.947129947978949E-003 -1.643473302515043E-002
 -6.908148803677616E-002  0.130488091579727       1.204808144858604E-002
 -0.107452775174857      -0.126546984916263       3.977717654654176E-002
  6.964777344400513E-003  7.152662097241881E-002 -2.650971543172278E-003
  6.560807477756683E-002  6.879530620079329E-002 -7.667518725786872E-002
 -0.161966149779255       2.461026320074449E-002 -4.149737189819509E-002
 -6.865161288966057E-002  0.103452573028791      -3.049510306656894E-002
  4.153570694594196E-002 -3.618964025348107E-002  8.990065457655294E-003
  4.608816229124316E-002 -4.236335368202426E-002 -1.325440177977579E-002
 -3.890180307533589E-002 -3.413777002609619E-002 -6.445973796257891E-002
  5.001065249413879E-002 -0.239242448065162      -8.976542795684825E-002
  9.330668000422926E-003  1.272895251598979E-002 -0.125961752684683     
  4.807243896987022E-002  3.604207520510704E-002 -9.645643535926662E-002
 -6.298621895783092E-002 -2.660803151386266E-002 -6.666769987095227E-002
  1.108519146531975E-002 -3.237133755450099E-002 -4.945906986077019E-002
 -5.478434413010661E-002  7.575367853016384E-003 -9.212692040091636E-002
  3.327362969630193E-002  4.775844252201510E-002 -9.352600523219554E-002
 -3.957300543286942E-002 -4.940553948499635E-002  5.276525531828359E-002
 -3.248180307854381E-002  5.575796089100317E-003  1.452748423588193E-002
 -7.145820464162744E-002  0.129472950607298       2.023151797221877E-002
  2.499790858993796E-002  2.076578629483520E-002 -3.642637074636847E-002
 -0.100575680939229      -9.953096397363970E-002  4.339586937143814E-002
 -2.465620469527592E-002 -9.459088816208283E-002 -1.897245809274453E-004
 -0.115246007756259      -4.748832509773609E-002  2.998134880752908E-002
  2.950339228253827E-002  8.107553405946280E-003 -1.560748682275652E-002
  5.483769592881391E-002  1.934833696359923E-002 -1.605738630753804E-002
  1.310030772790002E-003 -1.761939058653317E-002 -4.371051802678911E-002
 -2.658372971100995E-002 -2.877385322890110E-002 -4.213244194731167E-003
 -4.960384592223552E-002 -1.201561296665229E-002  1.773394216774380E-002
  7.064676363956969E-002  7.431825242433182E-002 -4.881357486478761E-002
  3.254480879645091E-002  2.515076374052919E-002 -9.897699356474671E-002
 -0.108442417854655       2.940584436740234E-002 -3.086974663863144E-002
 -5.761087450559908E-002  5.503857465411596E-002 -8.426474151344590E-002
 -1.161987282878340E-002  2.787455635188011E-002 -7.278469337999037E-002
  2.752226916316455E-002  1.274981551862471E-002 -5.917483733756183E-002
  6.903401086158142E-002 -1.013852831290849E-002  6.898606186097365E-002
  7.824612307219491E-003 -0.145915109345654       6.222357515189256E-002
 -6.039568224515251E-002 -8.295343727682022E-002 -5.313409649320673E-003
 -7.639475735973665E-002 -5.181575062260327E-002 -6.193624771756644E-002
  3.810209779269635E-002 -6.310366638180090E-002 -7.790216981196869E-002
 -5.482840723507270E-002 -5.759695716169586E-002 -6.665127495452573E-002
 -4.254672687968918E-002  2.064850754346523E-002  8.062518798171022E-003
 -5.013276095675448E-002 -1.029909527646288E-002 -4.330561506844834E-002
  7.128317636130779E-003  6.751263544987267E-002 -4.887460441464218E-004
 -2.438688225387365E-002 -0.109041574686116       6.482476877232797E-002
 -0.120129955233175      -4.334599911827253E-002  1.466193023986391E-002
 -4.774062818545748E-002  1.757832564065777E-002  7.244391751701116E-003
 -2.807787440078964E-002 -5.338281467137548E-002 -5.706287395559079E-002
  4.682472036135202E-002 -0.118993096852595       2.665571487859687E-003
 -1.529563324036083E-002 -6.532619592519817E-002  1.020811614493780E-002
 -3.072619819642579E-002 -4.071697908061345E-002 -0.124582655357500     
 -1.187242100859590E-003  1.617280043337128E-002  0.117814358219034     
 -5.979947732907467E-002 -2.235969720672243E-002  1.413016268331860E-002
  7.096177558995598E-002 -5.310659821062658E-002 -4.367272410452928E-002
 -4.371334760234798E-002  8.980169808859870E-002 -5.001952796392751E-002
  2.567322209492284E-002 -0.127968008287388      -1.737855353936206E-002
 -2.169344194600170E-002  5.492974176057715E-002 -5.583352004218515E-002
 -5.877708118685641E-002 -3.056314070143824E-002  7.702317438585932E-002
 -8.237064996444013E-002  9.428863329765876E-002 -0.111267964323343     
 -5.890887519702713E-002 -8.418118772276591E-002 -6.706201848006323E-002
  8.069412372263053E-002 -6.896201891997973E-002 -1.211598032052479E-002
 -6.608455057016306E-002 -8.095549088581181E-003 -1.537828851586464E-004
 -8.492967658125278E-002 -4.723118653959846E-002 -1.545714506455216E-002
 -7.118728966066970E-002  0.139672304370171      -7.435543637078046E-002
 -3.664694818714789E-002  2.533321232187490E-002 -8.095553021967284E-003
 -4.204187669354374E-002  7.743170057903524E-002 -3.970460594673802E-002
 -8.373689349920825E-002  0.132223512352476      -3.705624564858014E-002
 -5.396838605687510E-002 -0.103370656512727       1.777210105251105E-002
 -0.128216032368262       7.500719026444978E-002  7.257059508188557E-002
 -1.071387464509481E-003 -1.298139623813584E-002 -5.997364785463609E-002
  2.622937711782368E-002  1.733341117568487E-002 -3.860514080205762E-002
 -8.298575225365946E-002  9.692121034539955E-002  3.129403116037530E-002
 -1.617328486598021E-002  2.979594745323812E-002  2.077989468024207E-002
  3.530078003764590E-002 -5.659074313678421E-002 -5.675788725535823E-003
  3.228028755726648E-002 -6.662822452082126E-002  3.258327206396385E-002
 -3.454440400345605E-002 -6.293072454470007E-002  4.155612488359005E-002
  6.636516502825068E-003  3.964778570173643E-002 -3.468504010659121E-002
  1.670338164589140E-002 -1.506311299504865E-002  4.383014131808432E-002
 -3.599869253953194E-002  0.104457222557434      -7.176054802039930E-002
 -0.122718946420360       5.884208721950854E-002  9.577925913151056E-003
 -2.820999804523459E-002  7.351381589542000E-002 -7.832376701858690E-002
 -8.629273132465514E-003  7.095102639039301E-002  7.059179805014044E-002
 -8.522651391459368E-002 -0.136264371712809       0.107077258173600     
  7.986763588797799E-002  6.229227735596899E-002  0.106940612949670     
  9.231442657317197E-002  2.361886726207580E-002  5.959015123055404E-005
 -3.271946788254018E-002 -0.163641675112125      -9.800657481623090E-002
  5.028317320105632E-002  6.073902120114476E-003 -5.442425529147932E-002
 -1.843721581657541E-002 -5.647198017664281E-002 -3.174019508844434E-002
 -6.899845711962821E-002 -7.892487652348402E-002  3.252026787084261E-003
  5.433950902021219E-002  5.144419876942210E-002 -6.751991653764886E-002
 -5.944241370643807E-002 -6.670172226601007E-002  3.659021053015102E-002
  4.320820581717330E-002 -6.785124326708622E-002  6.208419844118537E-002
 -1.048561333902843E-003 -6.944757222314124E-002 -6.948759367286458E-002
  0.140317276641905      -2.668255922573678E-002  3.766011971851317E-002
  1.759795634190709E-003  1.190749736176281E-002 -8.311662856759013E-002
 -9.011790682439447E-003 -1.084346320078520E-002 -9.747612063076525E-002
 -8.685548875875965E-002  9.466807148341760E-002  1.476277277697852E-002
  2.815520950567700E-002  0.113177740322606      -4.610569758860700E-002
 -1.503692234933913E-002 -7.082255501297270E-002 -9.051683447526505E-003
 -3.946456294795937E-002  0.134366885780154       1.161815557280636E-002
 -0.181640126131182      -6.291702387437849E-002 -6.462742850281139E-002
  4.208925602942716E-003  1.265016533536879E-003 -1.833281687570759E-002
  6.209234541542455E-002  0.156034505597711      -0.143107648104116     
  5.001757054041295E-002 -3.008014442745637E-002 -0.195962770403653     
 -7.033101834838133E-002 -8.452959763335476E-002  3.314459387436160E-002
 -1.623395083219941E-002 -0.113190145371015       2.644249274304768E-002
 -0.119743762112173      -1.505195259374529E-002 -7.381491860580359E-002
 -3.797009363705030E-003  1.973166304833249E-002 -4.038105217314008E-002
  0.122803551731087      -7.987396661201900E-002  1.462504990033534E-002
  1.549139437141342E-002 -1.249670950723172E-002 -9.106245073047983E-002
 -2.283144529369653E-002 -1.282953682808464E-003 -5.610846557660358E-002
  5.417622597235922E-002 -9.238681389134486E-002 -9.279557170293778E-002
  5.438926972547425E-002 -3.678232568262504E-002 -2.242902949783817E-002
 -2.377317216662800E-002 -7.600435723376703E-002 -4.502737175664930E-002
 -5.115954783732647E-003 -4.164555346255756E-002  3.468804616019835E-002
  3.657973453854977E-002  1.079270260971371E-002 -6.592841570924726E-002
 -7.288590920465962E-002 -7.402641197017503E-003 -2.621913081330320E-002
  7.390698022617785E-003 -0.108814900436352       2.270770579831961E-002
  6.267088069703435E-002 -0.107399851706037      -1.451810066546853E-002
  4.690234609279484E-002 -2.183925415234850E-002 -0.120299316883616     
 -4.543430875798714E-002 -1.873586182011043E-002  4.938822057123486E-002
 -4.032519801449418E-002 -2.372145797017319E-002  4.773393512232370E-002
 -7.404170274307590E-003  1.855316356678290E-002 -4.035340267077795E-002
 -3.813271122331860E-002  7.879892014482314E-003  2.449932959271647E-003
 -6.754509405660271E-002  3.587852377545536E-002 -6.747052789537378E-002
 -9.295653060334355E-002 -7.498726557704853E-003 -6.318368299253069E-002
  4.023048159535918E-002 -4.359557049795534E-002  7.460322370512926E-002
  9.248039609145022E-003 -0.129109906177988      -2.437465553530307E-002
 -0.132791814578979       7.440840665728064E-002 -1.597807848204423E-002
 -4.188013709150255E-002  2.897399432751183E-002 -6.244897212487721E-002
 -5.059830869957432E-002  7.348548042099830E-002  3.051783427973165E-002
  7.107126940549138E-002  3.645687651302317E-003  3.186562307042022E-002
  3.643352137241786E-002 -6.715432126223558E-002  7.652553602153507E-003
 -2.800523896991815E-002 -0.108719732462940      -7.234956564472304E-002
 -3.862632443015400E-002  4.990694871727056E-002 -1.249179337569640E-002
 -8.892136886517510E-002 -6.210077379524098E-002 -4.631941088341804E-002
 -0.151160055176305       9.230510322322204E-004  7.111958662897751E-002
  9.286266993621655E-003 -1.968765902250954E-002 -0.143136178237496     
 -4.147014305550593E-002 -2.962040199769635E-002 -4.073704864468348E-002
 -5.728284229194049E-002  1.623006335200122E-002  1.941994274466796E-002
 -7.801210361078394E-002 -9.168220698313090E-002 -5.123179125280120E-002
  3.057921428891244E-002 -3.057254350739445E-002  6.942269523735459E-002
 -5.435735777074752E-002 -3.299665213628248E-002 -4.253911033381068E-002
  2.696745459300882E-002 -1.550739588385254E-002 -8.707283400248046E-002
 -3.302753820111615E-002  3.214026134272845E-003  0.148020137002465     
 -2.797964880618531E-002 -4.186215145994364E-002 -4.357771175238436E-002
 -1.210632262459680E-002  7.567950328466229E-002  4.888028975360573E-002
 -5.612507247322401E-002 -8.623478934766293E-002 -1.079268257402729E-002
 -3.455366365481605E-002  0.107435066542053      -4.586990271799698E-003
 -0.116088790414396      -3.706994644049150E-002 -1.465279492071905E-002
  6.874209901628749E-002  0.115554344714828      -1.112917279060034E-002
 -3.092352442274001E-002 -7.536885535815994E-002  6.515648374669027E-002
 -3.307230222329863E-002  2.871769147000120E-003 -6.945763550997366E-002
  6.555505223409420E-002  3.920985210492986E-002  2.364461429417467E-002
 -0.112065788258715      -5.146842117342980E-002  1.960447958854489E-004
 -4.597627380084666E-002  0.100183221966414      -3.196480096211745E-002
 -2.559653615007676E-002 -8.529169584507547E-002  7.817591693318839E-002
  3.413901097383647E-002  1.904256349765509E-003  0.103652017709164     
  8.581201506940937E-002 -6.360045755832339E-002
