           2
           1          32
           1 relu
           2 relu
  -1.10445716549669        1.05972257105605      -0.989409951553391     
 -0.631238796087625       -1.81579349770582       -2.09413065854717     
 -0.686949707655165       0.905484620549749      -0.891914828568897     
  -1.66538752278678       0.617684454449735       0.401123195332861     
  -2.22480638764160       0.815167312852705      -0.619519172153081     
  0.626052982190939       0.756676961412486      -0.666006085664723     
  0.859885044226952      -0.473762576002690       0.311912908336285     
 -0.538124350716374       -1.81192793117147       0.214228047087899     
  -1.61878507763736       0.620654487404633       0.278428843265702     
 -0.534436073198356      -0.853981846892936       0.649556551414225     
 -3.392262123551756E-002 -0.353423328087973     
  -2.74367822879936       3.873570194117858E-002  -2.07857405949275     
  0.156338047671341       0.449121827738000      -0.943329809749312     
  0.169891068580062       8.454198894647068E-003  -2.17044659563450     
  -1.21373393921575      -0.656427287380552      -2.346325167511765E-004
  -1.33414687946090       3.026874904615921E-004  -1.79998846536313     
  3.978206519364334E-002  3.593621848723721E-002  -1.54998304190497     
  3.034331975150053E-002  0.117969234768910       5.945599788877190E-002
  0.133563058680370       -1.07418265040212       4.311360545297999E-002
 -6.477677047034296E-002  -1.01551749846662      -0.106546219291973     
  -1.14507923068189      -0.486090341229295       4.700034366229329E-003
  8.397765398421929E-003  8.740948058417378E-002
