           2
           1          32
           1 relu
           2 relu
  -1.10445716549669        1.08503300016010      -0.989409951553391     
 -0.614533350371466       -1.80663657003463       -2.09413065854717     
 -0.684939514059056       0.911008707917038      -0.891914828568897     
  -1.66538752278678       0.617684454449735       0.400969883287852     
  -2.22480638764160       0.815365092933770      -0.619519172153081     
  0.652047119130048       0.780158170341306      -0.666006085664723     
  0.879711777830883      -0.434298537910270       0.350762257746540     
 -0.510002752670563       -1.81192793117147       0.242399057281233     
  -1.61878507763736       0.620654487404633       0.278428843265702     
 -0.534436073198356      -0.853981846892936       0.652627617140479     
 -3.320607759789886E-002 -0.352178408578432     
  -2.74367822879936       0.140263003231178       -2.07857405949275     
  0.223402073113162       0.485909892001196      -0.943329809749312     
  0.177969394804962       3.061287823506759E-002  -2.17044659563450     
  -1.21373393921575      -0.656427287380552      -8.496105609876254E-004
  -1.33414687946090       1.096039424170707E-003  -1.79998846536313     
  0.144051912297265       0.130125999457808       -1.54998304190497     
  0.109873964922976       0.276315059754404       0.215291743948757     
  0.246420726561122       -1.07418265040212       0.156115507862713     
 -6.477677047034296E-002  -1.01551749846662      -0.106546219291973     
  -1.14507923068189      -0.486090341229295       1.701894899173863E-002
  1.127465689477248E-002  9.241184286942146E-002
